3000 251 177 103
3100 251 180 111
3200 250 183 116
3300 250 185 122
3400 250 188 127
3500 250 191 132
3600 250 193 139
3700 249 196 144
3800 249 199 149
3900 248 200 153
4000 248 203 159
4100 247 205 162
4200 247 206 167
4300 246 208 171
4400 245 210 175
4500 245 212 178
4600 245 211 181
4700 244 213 185
4800 242 214 189
4900 241 216 192
5000 241 217 195
5100 240 217 199
5200 239 217 201
5300 238 218 203
5400 236 219 206
5500 236 219 208
5600 235 219 210
5700 234 220 212
5800 233 219 214
5900 232 221 215
6000 231 221 217
6100 229 221 219
6200 228 220 221
6300 227 220 222
6400 225 221 223
6500 224 221 225
6600 225 220 226
6700 223 219 227
6800 221 220 228
6900 220 220 230
7000 220 219 230
7100 218 219 231
7200 219 218 231
7300 217 218 233
7400 215 219 233
7500 215 217 234
7600 213 218 235
7700 211 217 236
7800 211 217 236
7900 209 217 237
8000 209 217 237
8100 207 216 238
8200 207 216 238
8300 205 215 239
8400 205 215 239
8500 203 214 240
8600 204 213 240
8700 201 213 241
8800 201 213 241
8900 201 212 241
9000 199 213 241
9100 199 211 242
9200 199 211 242
9300 197 212 242
9400 197 210 243
9500 197 210 243
9600 194 211 243
9700 195 209 243
9800 195 209 243
9900 192 210 244
10000 192 209 244
10100 192 209 244
10200 192 209 244
10300 190 208 245
10400 190 208 245
10500 190 208 245
10600 190 208 245
10700 187 206 245
10800 187 206 245
10900 187 206 245
11000 188 205 245
11100 185 205 246
11200 185 205 246
11300 185 205 246
11400 185 204 246
11500 185 204 246
11600 182 204 246
11700 182 204 246
11800 182 204 246
11900 183 203 246
12000 183 203 246
12100 180 203 247
12200 180 203 247
12300 180 203 247
12400 180 202 247
12500 180 202 247
12600 180 202 247
12700 177 202 247
12800 177 202 247
12900 178 201 247
13000 178 201 247
13100 178 201 247
13200 178 201 247
13300 174 201 248
13400 174 201 248
13500 175 199 248
13600 175 199 248
13700 175 199 248
13800 175 199 248
13900 175 199 248
14000 175 199 248
14100 172 198 248
14200 172 198 248
14300 172 198 248
14400 172 198 248
14500 172 198 248
14600 172 198 248
14700 172 198 248
14800 173 197 248
14900 173 197 248
15000 169 197 248
15100 169 197 248
15200 169 197 248
15300 169 197 248
15400 169 197 248
15500 169 197 248
15600 170 195 249
15700 170 195 249
15800 170 195 249
15900 170 195 249
16000 166 196 249
16100 166 196 249
16200 166 196 249
16300 166 196 249
16400 166 196 249
16500 167 194 249
16600 167 194 249
16700 167 194 249
16800 167 194 249
16900 167 194 249
17000 167 194 249
17100 167 194 249
17200 164 195 249
17300 164 195 249
17400 164 195 249
17500 164 195 249
17600 164 193 249
17700 164 193 249
17800 164 193 249
17900 164 193 249
18000 164 193 249
18100 164 193 249
18200 164 193 249
18300 164 193 249
18400 164 193 249
18500 164 193 249
18600 164 193 249
18700 161 193 249
18800 161 192 249
18900 161 192 249
19000 161 192 249
19100 161 192 249
19200 161 192 249
19300 161 192 249
19400 161 192 249
19500 161 192 249
19600 161 192 249
19700 161 192 249
19800 161 192 249
19900 161 192 249
20000 161 192 249
20100 161 192 249
20200 162 190 249
20300 162 190 249
20400 162 190 249
20500 158 191 249
20600 158 191 249
20700 158 191 249
20800 158 191 249
20900 158 191 249
21000 158 191 249
21100 158 191 249
21200 158 191 249
21300 158 191 249
21400 158 191 249
21500 158 191 249
21600 158 191 249
21700 158 191 249
21800 158 191 249
21900 159 189 249
22000 159 189 249
22100 159 189 249
22200 159 189 249
22300 159 189 249
22400 159 189 249
22500 159 189 249
22600 159 189 249
22700 159 189 249
22800 155 189 249
22900 155 189 249
23000 155 189 249
23100 155 189 249
23200 155 189 249
23300 155 189 249
23400 155 189 249
23500 155 189 249
23600 155 189 249
23700 155 189 249
23800 155 189 249
23900 156 188 250
24000 156 188 250
24100 156 188 250
24200 156 188 250
24300 156 188 250
24400 156 188 250
24500 156 188 250
24600 156 188 250
24700 156 188 250
24800 156 188 250
24900 156 188 250
